15
5
25
8
10

7 10 4 7 3 8 5 7 3 6 5 4 6 7 9
7 4 5 6 7 4 6 5 7 8 4 7 5 8 6

0 5 6 7 4 10 8 9 6 7 8 7 6 8 9
5 0 8 5 6 9 7 10 7 8 9 10 7 8 9
6 8 0 5 7 6 11 9 8 8 9 10 6 7 8
7 5 5 0 4 11 7 8 5 9 8 9 5 6 7
4 6 7 4 0 10 6 11 7 8 10 6 5 7 8
10 9 6 11 10 0 5 7 9 10 6 7 8 9 10
8 7 11 7 6 5 0 4 6 8 10 5 7 6 5
9 10 9 8 11 7 4 0 5 7 8 9 6 7 8
6 7 8 9 7 9 6 5 0 6 7 8 7 6 5
7 8 9 8 8 10 8 7 6 0 7 6 8 9 7
8 9 10 9 10 6 10 8 7 7 0 5 9 8 6
7 10 6 5 6 8 5 6 8 9 5 0 4 5 6
6 7 5 5 5 9 7 6 7 8 9 4 0 5 7
8 8 7 6 8 10 6 7 6 9 8 5 5 0 6
9 9 8 7 8 10 5 8 5 7 6 6 7 6 0
