48270
11815
31153
5302

53 111 138 13 50 61 54 17 197 23 184 81 64 102 131 161 35 20 

73
155 156 117 92 100 192 14 43 0 0 158 103 65 
0 0 27 132 162 88 182 123 19 107 175 126 32 1 
0 0 26 149 195 179 25 55 165 130 169 135 
0 0 112 94 59 151 193 191 86 125 46 
0 0 146 52 153 106 194 7 82 48 124 47 49 
0 0 28 76 196 116 77 3 79 129 185 176 
78 105 40 21 73 72 74 171 133 56 67 0 0 
181 168 199 18 60 118 5 173 84 166 89 0 0 
15 42 172 57 144 87 137 58 0 0 
71 69 101 70 30 122 51 9 120 164 0 0 
0 180 198 110 4 139 187 39 170 24 34 136 0 
0 152 2 178 115 145 41 22 75 186 121 33 188 0 
157 154 12 109 177 80 150 68 29 163 134 0 0 
0 0 167 127 190 148 62 159 10 108 31 
0 147 96 104 37 91 141 113 45 174 36 63 160 0 
0 183 95 97 98 142 119 38 114 143 189 128 0 
0 6 99 93 85 44 140 16 83 8 11 90 66 0 
