16272
11815
31153
5302

53 111 138 13 50 61 54 17 197 23 184 81 64 102 131 161 35 20 

73
0 156 117 92 100 192 14 43 155 158 103 65 0 
0 27 132 1 162 88 182 123 19 107 175 126 32 0 
0 26 149 195 179 130 165 55 25 169 135 0 
0 112 94 59 151 193 191 86 125 46 0 
0 146 52 153 106 194 7 82 48 124 47 49 0 
0 28 176 76 196 116 77 3 79 129 185 0 
0 105 40 21 73 72 74 171 133 56 67 78 0 
0 89 166 18 60 118 5 84 173 199 168 181 0 
0 58 137 87 144 57 172 42 15 0 
0 69 101 70 30 122 51 9 120 164 71 0 
0 180 198 110 4 139 187 39 170 24 34 136 0 
0 152 2 178 115 145 41 22 75 186 121 33 188 0 
0 154 12 109 177 80 68 150 134 163 29 157 0 
0 167 127 190 31 148 62 159 10 108 0 
0 147 96 104 37 91 141 113 45 174 36 63 160 0 
0 183 95 97 98 119 142 38 114 143 189 128 0 
0 6 99 93 85 16 44 140 83 8 11 90 66 0 
