43566
15790
114249
5762

53 111 138 13 50 61 54 17 197 23 184 81 64 102 131 161 35 20 

107
0 112 95 98 140 38 142 42 71 136 135 65 0 
0 176 1 101 70 159 62 175 11 126 181 160 30 0 
0 26 149 195 179 130 165 55 24 163 134 0 
0 183 94 92 151 85 16 86 113 173 0 
0 146 52 153 106 194 7 47 168 19 107 123 0 
0 28 116 77 196 3 158 78 79 129 185 0 
0 105 180 21 73 171 74 75 186 56 4 155 0 
0 89 166 18 60 118 83 199 8 174 124 48 0 
0 58 137 87 144 57 172 43 15 0 
0 122 51 128 66 188 103 9 120 33 157 0 
0 40 198 110 67 139 187 39 170 25 34 164 0 
0 152 2 178 115 145 41 22 133 72 69 132 27 0 
0 154 12 109 177 80 68 150 169 121 29 76 0 
0 167 127 190 31 148 189 108 10 162 0 
0 147 99 104 93 5 84 45 125 46 36 143 49 0 
0 156 117 97 37 100 14 192 59 63 90 32 0 
0 6 96 91 191 141 44 119 193 114 82 182 88 0 
